268,621
668,915
887,633
940,760
71,701
448,270
925,62
414,959
416,836
703,154
480,365
724,324
226,399
212,790
876,690
233,661
834,70
229,122
246,512
144,702
641,578
854,445
485,421
203,14
964,896
40,891
593,751
755,69
295,76
115,764
572,436
582,92
653,493
516,59
273,379
317,463
188,340
274,697
546,487
412,582
477,785
376,158
727,831
982,400
508,679
549,463
149,313
226,577
347,528
633,771
271,100
974,539
323,513
204,877
290,987
131,943
629,63
281,287
615,191
932,78
769,253
118,261
886,136
825,656
150,646
560,142
965,238
59,811
146,176
835,756
655,281
553,980
976,110
125,745
135,726
777,401
273,895
63,369
683,505
455,197
82,385
204,650
740,616
960,112
514,803
444,392
825,562
234,478
256,258
128,475
162,185
638,747
703,27
930,930
864,803
731,140
826,563
315,307
797,390
819,147
405,193
862,595
384,147
952,896
760,82
574,265
963,48
12,9
195,687
524,257
392,601
482,146
787,904
229,907
357,675
453,241
502,25
370,914
824,56
330,830
400,891
660,956
974,635
946,953
753,83
656,275
605,22
688,929
724,267
480,89
237,945
636,205
441,199
563,508
103,692
52,210
989,419
613,351
580,115
516,628
286,899
990,247
86,546
234,253
407,308
240,422
632,751
506,967
548,606
788,227
111,533
126,215
147,892
303,773
629,216
56,589
922,707
880,584
557,582
450,229
855,946
487,412
583,461
181,955
562,105
751,114
197,218
840,115
712,194
599,103
571,370
409,542
593,239
735,478
292,372
642,507
889,136
413,457
202,599
719,361
976,244
422,110
224,849
924,968
336,583
243,820
853,171
478,163
493,789
26,167
516,76
869,874
690,973
220,766
897,316
684,371
159,439
446,162
886,787
202,173
428,938
999,421
225,521
348,864
388,836
963,504
632,400
831,297
327,876
822,774
577,987
548,583
765,201
445,679
538,681
268,860
408,458
266,226
135,62
340,25
545,879
638,670
479,848
109,148
416,15
606,592
722,360
876,290
983,542
985,495
519,18
587,850
756,247
608,305
684,567
766,413
496,516
314,640
278,921
60,195
817,525
54,364
329,897
106,169
326,837
201,602
167,706
690,524
546,39
193,398
915,972
283,116
922,445
218,56
4,84
625,977
238,60
518,730
480,891
739,807
792,34
429,330
887,370
878,990
935,519
627,252
370,34
381,288
205,870
925,721
58,683
63,268
605,58
543,205
203,851
108,926
435,239
718,98
683,826
685,595
398,94
695,681
596,194
576,392
552,319
203,829
645,741
855,250
542,287
796,465
131,45
233,25
380,251
760,810
484,762
780,483
36,857
916,494
965,701
393,273
430,13
399,24
940,82
787,843
521,553
208,377
987,863
366,478
57,407
350,637
883,573
625,896
354,189
49,83
482,242
955,898
751,976
286,266
842,67
341,551
873,134
904,816
38,988
672,64
228,335
968,542
657,700
418,534
742,417
581,270
278,221
844,971
216,756
4,859
519,145
640,127
713,178
273,105
454,914
94,834
980,950
796,944
268,409
26,522
94,238
746,273
170,879
981,865
932,913
793,661
60,636
420,452
783,657
847,658
989,907
558,445
876,292
73,78
335,413
448,62
503,275
209,138
90,339
752,362
273,152
511,598
448,432
339,548
647,93
267,37
359,132
60,683
150,648
264,269
801,959
473,955
904,980
50,79
768,683
899,105
767,5
68,213
153,265
514,270
531,368
204,761
233,16
581,325
110,774
108,350
433,429
353,227
619,64
971,885
635,10
319,14
891,25
108,794
400,669
555,790
171,172
888,721
525,350
609,471
669,739
343,414
406,490
894,362
901,351
158,193
276,84
85,578
923,250
579,411
932,39